NDigit;x0;mu0;delta;time
2;[ 1.19950940e-19  1.14863051e-19  1.15385787e-19  1.21228895e-19
  1.17497739e-19  1.15885310e-19  1.20236229e-19  1.16008148e-19
  1.16689910e-19  1.14322230e-19  1.15346474e-19  1.20002261e-19
  1.13757148e-19  1.19040124e-19  1.16016476e-19  1.20798582e-19
  1.18228064e-19  1.13563206e-19  1.19418843e-19  1.17997231e-19
  1.17662022e-19  1.12222637e-19  1.20520479e-19  1.20805424e-19
  1.13673833e-19  1.15848257e-19  1.17689555e-19  1.15478854e-19
  1.17738778e-19  1.13479154e-19  1.14842043e-19  1.15931503e-19
  1.17270318e-19  1.17400902e-19  1.18712528e-19  1.16212229e-19
  1.15503332e-19  1.12264442e-19  1.15949822e-19  1.14133777e-19
  1.14714628e-19  1.16612327e-19  1.21735778e-19  1.16703033e-19
  1.17869928e-19  1.15330363e-19  1.15870960e-19  1.14258037e-19
  1.15666066e-19  1.13317021e-19  1.15951024e-19  1.12750060e-19
  1.14994445e-19  1.16238729e-19  1.17107085e-19  1.16793737e-19
  1.18947609e-19  1.18595184e-19  1.18216390e-19  1.14857124e-19
  1.17320399e-19  1.17922691e-19  1.17189500e-19  1.15194084e-19
  1.15362375e-19  1.19340774e-19  1.11076780e-19  1.16915928e-19
  1.13747580e-19  1.17787848e-19  1.16801512e-19  1.12322343e-19
  4.09828311e-04  2.39426014e-03  2.42661500e-03  1.17161772e-19
  1.17192729e-19  1.16309615e-19  1.19185150e-19  1.18650813e-19
  1.15963404e-19  1.17147895e-19  1.14497098e-19  1.18132405e-19
  1.15993749e-19  1.17801018e-19  1.17662843e-19  1.19324574e-19
  1.18956590e-19  1.14179743e-19  1.18113276e-19  1.15830466e-19
  1.16201153e-19  1.17463433e-19  1.15864044e-19  1.15348643e-19
  1.18209019e-19  1.18682750e-19  1.18762249e-19  1.58538847e-03
  2.89032376e-03  4.54024592e-03  4.59406507e-03  4.31346063e-04
  1.20952323e-19  1.15013094e-19  1.15283816e-19  1.17612233e-19
  1.15331043e-19  1.15869751e-19  1.14478663e-19  1.18722709e-19
  1.14685579e-19  1.17209788e-19  1.17631659e-19  1.21157335e-19
  1.19434451e-19  1.15887632e-19  1.16236661e-19  1.17191651e-19
  1.14650589e-19  1.16547784e-19 -7.26263387e-04 -9.59272926e-04
  1.07559794e-04 -1.18867569e-03 -3.06259771e-03 -8.11680972e-03
 -9.06868846e-03 -1.18530270e-02 -1.12480304e-02 -4.96439866e-03
 -1.39265718e-03 -5.56212210e-04  2.02295342e-03  2.03365688e-03
  1.15016955e-19  1.17857893e-19  1.19771743e-19  1.15712874e-19
  1.13838920e-19  1.19397067e-19  1.15000877e-19  1.16403528e-19
  1.17614587e-19  1.17699826e-19  1.21283855e-19  1.19138691e-19
 -7.70593661e-04 -2.22346414e-03 -4.82227155e-03 -4.72072430e-03
 -4.34886752e-03 -4.71708239e-03 -6.75665049e-03 -1.48859236e-02
 -2.30040408e-02 -2.64071570e-02 -2.24860907e-02 -1.55186509e-02
 -1.60520323e-03  5.27763437e-03  4.83736617e-03  2.10278317e-03
 -1.49617430e-04  1.15725793e-19  1.18086497e-19  1.15048288e-19
  1.19462670e-19  1.16429096e-19  1.20518597e-19  1.15793508e-19
  6.66613555e-04  8.70898355e-04  1.17149412e-19 -1.33497212e-03
 -2.51742099e-03 -6.46775596e-03 -8.10301178e-03 -5.31943658e-03
 -6.09904613e-03 -5.26841820e-03 -1.30640938e-02 -2.18769981e-02
 -2.60938681e-02 -2.49173688e-02 -2.57803716e-02 -1.84442051e-02
 -2.25156834e-03  3.88179756e-03  1.75415138e-03 -1.05906196e-03
 -1.56029605e-03  1.18586583e-19  1.14511428e-19  1.17715501e-19
  1.12724758e-19  1.20137863e-19  1.15313464e-19  1.18894820e-19
  1.35473077e-03  1.75254854e-03 -9.44248571e-04 -2.46642029e-03
 -4.91194108e-03 -3.96996995e-03 -4.22462188e-03 -8.12752199e-03
 -7.81903721e-03 -1.38430399e-02 -1.83621028e-02 -1.85753692e-02
 -2.06803714e-02 -2.04659759e-02 -2.20863540e-02 -2.70487213e-02
 -1.26614806e-02  8.98301088e-04  3.79032687e-04 -3.75972410e-04
 -1.62044637e-04  1.70530570e-03  1.15653424e-19  1.18434569e-19
  1.13790082e-19  1.21071088e-19  1.18919316e-19  1.17920252e-19
  2.36540294e-03  1.50291961e-03 -2.80100924e-03 -6.67365463e-03
 -6.85672395e-03 -5.34729058e-03 -8.10929169e-03 -1.46906165e-02
 -8.74011192e-03 -1.37358860e-02 -1.64774908e-02 -1.54473717e-02
 -2.00660591e-02 -1.60209472e-02 -1.12484056e-02 -2.12473868e-02
 -1.94710241e-02 -5.30273928e-03 -1.59114592e-03 -4.80791155e-04
  4.17340313e-05  2.30591651e-03  1.15412621e-19  1.14178355e-19
  1.10128080e-19  8.34891870e-04  1.15826318e-19  1.13745972e-19
  2.38690660e-03  4.50136719e-04 -5.44047896e-03 -8.68142122e-03
 -1.10867879e-02 -9.75072925e-03 -1.18427868e-02 -1.66452083e-02
 -1.20197106e-02 -1.45179498e-02 -1.75605059e-02 -1.79395543e-02
 -1.81691609e-02 -8.44497572e-03 -9.70218122e-04 -6.62229607e-03
 -1.97726518e-02 -1.67148908e-02 -8.19535548e-03 -2.00314695e-03
 -2.63936576e-03  1.17575586e-19  1.15407613e-19  1.15213434e-19
  1.15777252e-19  9.63336773e-05  1.17173915e-19  4.94584251e-04
  2.63419873e-03 -7.63894163e-04 -8.59832530e-03 -9.95679133e-03
 -1.03632450e-02 -1.64673666e-02 -1.83766574e-02 -1.53756625e-02
 -1.35343369e-02 -1.75937867e-02 -1.72108725e-02 -9.75681098e-03
 -5.30266639e-03  1.87451880e-03  6.75109106e-03 -1.75667349e-03
 -1.91119389e-02 -2.36935935e-02 -1.28062247e-02 -8.35189034e-03
 -3.78293014e-03  1.15546152e-19  1.15930417e-19  1.19431684e-19
  1.17367135e-19  1.16301712e-19  1.17341077e-19  1.29021978e-03
  2.73096521e-03 -5.81983584e-03 -1.12716259e-02 -1.08709582e-02
 -1.16530652e-02 -1.89834049e-02 -1.70962020e-02 -1.49246751e-02
 -1.41635022e-02 -7.66086299e-03 -4.88856538e-03  2.87315585e-03
  7.71104240e-03  1.26159592e-02  1.30858001e-02  2.32401895e-03
 -1.96758800e-02 -2.75397592e-02 -1.85949788e-02 -1.09616465e-02
 -5.94480659e-03  1.14492260e-19  1.15231768e-19  1.14555766e-19
  1.15692134e-19  1.15082383e-19  1.13993838e-19  1.70954121e-03
  2.73096521e-03 -8.90031871e-03 -1.06810941e-02 -1.10988063e-02
 -1.80664865e-02 -2.39686006e-02 -2.34845949e-02 -1.06530370e-02
 -5.90992246e-03  2.31870918e-03  5.39485121e-03  1.39088343e-02
  1.81004277e-02  2.27456346e-02  1.39287439e-02  3.07282670e-03
 -2.27871816e-02 -2.76571595e-02 -2.21571106e-02 -1.28973803e-02
 -8.00645271e-03  1.15108902e-19  1.13839736e-19  1.13869522e-19
  1.15879577e-19  1.17668784e-19  1.18869971e-19  1.70954121e-03
  2.73096521e-03 -7.76081035e-03 -1.07836845e-02 -1.41380032e-02
 -2.12323910e-02 -2.40693067e-02 -1.81977098e-02 -3.08422134e-03
  7.18329154e-04  1.50191574e-02  2.21238233e-02  2.74403549e-02
  3.17456999e-02  2.91480747e-02  9.73225301e-03 -6.46093337e-03
 -2.77193552e-02 -2.83238685e-02 -2.44370500e-02 -1.30326759e-02
 -9.20112563e-03  1.14049208e-19  1.15141942e-19  1.15526624e-19
  1.17232045e-19  1.16496324e-19  1.12443263e-19  1.70954121e-03
  2.73096521e-03 -7.42893342e-03 -1.70856924e-02 -2.02489720e-02
 -2.45310306e-02 -1.89318469e-02 -8.67611326e-03  4.61489424e-03
  1.91185630e-02  2.74270185e-02  3.41674062e-02  3.60922873e-02
  3.44318299e-02  2.23697394e-02  5.88207411e-03 -1.51591033e-02
 -2.70488470e-02 -2.70469613e-02 -2.00917692e-02 -1.14272144e-02
 -7.51278879e-03  4.20265807e-04  1.15681650e-19  1.17412288e-19
  1.10508461e-19  1.13972144e-19  1.12785423e-19  1.61277473e-03
  2.72021338e-03 -9.25217705e-03 -2.18976603e-02 -2.48633279e-02
 -2.67396231e-02 -1.33107742e-02 -2.73650891e-04  1.30176699e-02
  2.32896268e-02  3.09498133e-02  3.43769058e-02  3.29717771e-02
  2.68551306e-02  1.36824170e-02  5.28476896e-03 -8.96219993e-03
 -2.55124041e-02 -2.21156471e-02 -1.69327595e-02 -9.68022799e-03
 -4.14362797e-03  1.72416741e-03  1.14559253e-19  1.20396917e-19
  1.15215934e-19  1.14801479e-19  1.14147254e-19  1.15416702e-19
  1.27946795e-03 -1.07866758e-02 -2.27880328e-02 -3.05448661e-02
 -2.66637793e-02 -6.65556638e-03 -4.66737180e-04  5.40031553e-03
  1.53807484e-02  2.51183999e-02  3.22070480e-02  2.57491092e-02
  1.80496976e-02  1.46484430e-02  7.15038839e-03 -7.48365423e-03
 -2.38061630e-02 -2.51629084e-02 -1.54673618e-02 -1.10430649e-02
 -5.65676577e-03  1.12890375e-19  1.14391472e-19  1.18371512e-19
  1.15671188e-19  1.16743898e-19  1.13204649e-19  1.12836759e-19
 -1.15665491e-03 -1.38155477e-02 -2.17199320e-02 -2.76777088e-02
 -2.27474492e-02 -1.33520943e-02 -6.52319227e-04  3.75025273e-03
  1.12655075e-02  2.58087057e-02  3.17990447e-02  2.24398381e-02
  1.47512975e-02  1.06500112e-02 -2.39792891e-04 -1.53305989e-02
 -2.63397386e-02 -2.09883785e-02 -1.40551922e-02 -9.67500037e-03
 -4.85571155e-03  1.15484310e-19  1.14442434e-19  1.18211161e-19
  1.15070417e-19  1.20465406e-19  1.15748824e-19  1.14159548e-19
 -1.98913014e-03 -1.32831267e-02 -1.57127572e-02 -2.68915088e-02
 -2.39950541e-02 -1.38647925e-02  1.92435788e-03  4.06079723e-03
  9.53933922e-03  2.37312364e-02  2.64417158e-02  2.11265371e-02
  8.56190253e-03 -3.50632040e-03 -1.86577679e-02 -2.45390359e-02
 -2.10876240e-02 -1.27808694e-02 -7.47516856e-03 -5.97480575e-03
 -1.50871401e-03  1.13493683e-19  1.17412975e-19  1.16140608e-19
  1.15973184e-19  1.16305214e-19  1.17153584e-19  1.17869950e-19
 -1.49916870e-03 -9.74064938e-03 -1.27053838e-02 -2.10597829e-02
 -2.89693991e-02 -1.99818966e-02 -4.39118282e-03  3.98830758e-03
  1.69629821e-02  2.23506233e-02  2.17505121e-02  1.21104530e-02
 -2.17875089e-03 -1.72345212e-02 -2.22352680e-02 -2.20630984e-02
 -1.79613935e-02 -1.17463417e-02 -5.49534542e-03 -5.23703976e-03
 -1.33023328e-03  1.16673306e-19  1.15925369e-19  1.17134537e-19
  1.17311089e-19  1.13688959e-19  1.15528167e-19  1.17098516e-19
 -9.96438434e-04 -3.29932472e-03 -5.24288732e-03 -1.44893750e-02
 -2.45083437e-02 -2.20659606e-02 -1.31549042e-02 -2.42223098e-03
  9.34306862e-03  5.39745692e-03  3.04755320e-03 -6.41536627e-03
 -1.79829846e-02 -2.24810162e-02 -1.93378558e-02 -1.69704243e-02
 -1.50316286e-02 -9.90923371e-03 -7.85551719e-03 -3.56360883e-03
  1.14943085e-19  1.12921780e-19  1.11793560e-19  1.15013531e-19
  1.14134720e-19  1.12491721e-19  1.18401189e-19  1.14282327e-19
 -7.82510661e-04  1.64292338e-05 -5.37969880e-04 -1.35338723e-02
 -2.23783051e-02 -2.29977749e-02 -2.21047711e-02 -1.22781599e-02
 -7.99666513e-03 -1.02430230e-02 -1.60317789e-02 -2.32562529e-02
 -2.66784885e-02 -2.13975446e-02 -1.76107562e-02 -1.53845852e-02
 -1.09589487e-02 -9.20895305e-03 -3.52067810e-03 -3.15573349e-04
  1.16781181e-19  1.12541773e-19  1.14754433e-19  1.13988749e-19
  1.17975389e-19  1.14523304e-19  1.18236344e-19  1.15312539e-19
 -6.64598095e-04  2.61167314e-04  7.65429259e-05 -4.43767910e-03
 -1.42789005e-02 -1.85388104e-02 -1.92403408e-02 -1.73196138e-02
 -2.06000754e-02 -3.07386152e-02 -3.25070322e-02 -2.77043388e-02
 -2.76994902e-02 -1.89313115e-02 -1.28353161e-02 -8.56652743e-03
 -6.45051820e-03 -2.03134327e-03 -3.26265782e-04  1.15655290e-19
  1.13911396e-19  1.17335441e-19  1.17733664e-19  1.14132934e-19
  1.14053607e-19  1.11755229e-19  1.17490483e-19  1.17357864e-19
  5.94842646e-04  1.97525309e-03  3.02181454e-03  7.98917718e-04
 -4.63267785e-03 -1.13253896e-02 -1.45520027e-02 -1.70779762e-02
 -2.53534280e-02 -2.97443246e-02 -2.69364592e-02 -1.63106562e-02
 -1.09134493e-02 -6.48568372e-03 -4.32910259e-03 -2.28706091e-03
 -1.02647363e-03  1.14716817e-19  1.18317286e-19  1.13409681e-19
  1.13856072e-19  1.19716237e-19  1.16423065e-19  1.12376257e-19
  1.16323013e-19  1.16097729e-19  1.16193800e-19  1.17860409e-19
  1.47088363e-03  2.73627617e-03  2.47407882e-03  1.28616990e-03
  4.11021984e-03  8.04485062e-03  6.27367194e-03 -5.15011351e-03
 -1.38730755e-02 -1.22786026e-02 -1.03599374e-02 -4.03553991e-03
 -1.80903966e-03 -1.79131479e-03  4.73142366e-04  8.64482569e-04
  1.17207420e-19  1.14270537e-19  1.17054928e-19  1.15149861e-19
  1.15070053e-19  1.16694193e-19  1.16969677e-19  1.14317104e-19
  1.15691723e-19  1.15681071e-19  1.15547264e-19  1.15798869e-19
  1.18058106e-19  1.14621473e-19  1.12035936e-19  1.20027549e-19
  2.60960400e-03  5.42041237e-03  4.47698584e-03  4.95132963e-04
  1.14719169e-19  1.15910615e-19  1.50378261e-04  1.97640001e-03
  2.70680871e-03  1.82602175e-03  1.18154348e-04  1.13072842e-19
  1.17569640e-19  1.15081827e-19  1.18881426e-19  1.16833493e-19
  1.17340930e-19  1.15352013e-19  1.17315679e-19  1.15986538e-19
  1.19218623e-19  1.16683317e-19  1.16472724e-19  1.15457074e-19
  1.15203028e-19  1.17379625e-19  1.19677735e-19  5.77270035e-04
  3.15941907e-03  4.09482933e-03  1.15070549e-03  1.17449537e-19
  1.16823133e-19  1.15087551e-19  1.14781969e-19  1.50378261e-04
  1.57897175e-03  2.70680871e-03  4.51134784e-04  1.14567026e-19
  1.17538986e-19  1.16034695e-19  1.14408448e-19  1.15267076e-19
  1.17310229e-19  1.18192284e-19  1.16158385e-19  1.13866280e-19
  1.14707282e-19  1.11637859e-19  1.16250610e-19  1.17568733e-19
  1.16232469e-19  1.15092933e-19  1.11650486e-19  1.19389726e-19
  1.18959955e-19  1.16502870e-19  1.18288804e-19  1.19719320e-19
  1.18389445e-19  1.14130345e-19  1.19350328e-19  1.19361771e-19
  1.11914182e-19  1.13354941e-19  1.13320898e-19  1.16966270e-19
  1.15152916e-19  1.13755041e-19  1.19097626e-19  1.12834701e-19
  1.13588619e-19  1.19716715e-19  1.16909409e-19  1.17881532e-19
  1.18328520e+00  1.47729041e+00  3.55515724e+01  3.54987177e+01
  3.59373613e+01  3.57030184e+01  3.52436041e+01  3.53759530e+01
  3.54635307e+01  3.59994393e+01  3.55690464e+01  3.56292687e+01
  3.56285841e+01  3.55271517e+01  3.55863342e+01  3.59046378e+01
  3.53505457e+01  3.56996073e+01  3.53889052e+01  3.53584613e+01
  3.57782355e+01  3.55694946e+01  3.54069614e+01  3.55349820e+01
  3.56476048e+01  3.54224732e+01  3.58394871e+01  3.54117884e+01
  3.57449739e+01  3.54826777e+01  3.56781270e+01  3.56519996e+01
  3.56487622e+01  3.55040427e+01  3.56740092e+01  3.53686707e+01
  3.54127340e+01  3.56279137e+01];1;0.10440585680043656;693.6307412999995
